NOAA 15                 
1 25338U 98030A   22031.81703523  .00000100  00000+0  59997-4 0  9991
2 25338  98.6605  63.0310 0009935 341.3026  18.7788 14.26086376233791
DMSP 5D-3 F15 (USA 147) 
1 25991U 99067A   22031.87785023  .00000098  00000+0  72431-4 0  9992
2 25991  99.0419  21.1960 0009586 211.7915 263.5304 14.16495737144451
METEOSAT-8 (MSG-1)      
1 27509U 02040B   22031.19424196  .00000125  00000+0  00000+0 0  9999
2 27509   7.7852  51.3790 0001008  21.3340 168.9757  1.00272723 71231
DMSP 5D-3 F16 (USA 172) 
1 28054U 03048A   22031.85350705  .00000022  00000+0  35771-4 0  9995
2 28054  98.9772  22.0364 0007224 351.6147  69.8534 14.13649924943725
NOAA 18                 
1 28654U 05018A   22031.79687327  .00000148  00000+0  10426-3 0  9994
2 28654  98.9667 102.2536 0014075   1.6031 358.5183 14.12682988860779
METEOSAT-9 (MSG-2)      
1 28912U 05049B   22031.29836537  .00000005  00000+0  00000+0 0  9994
2 28912   5.7139  67.1680 0001000 218.1138 315.9124  1.00273560 59016
FORMOSAT-3 FM6          
1 29047U 06011A   22031.26936254  .00000437  00000+0  18702-3 0  9999
2 29047  71.9799 339.8851 0048444 120.8843 239.7071 14.28893392825961
FORMOSAT-3 FM1          
1 29048U 06011B   22031.30279972  .00000194  00000+0  92534-4 0  9998
2 29048  71.9646 250.0388 0041894  78.3720 282.2114 14.28850432828440
FORMOSAT-3 FM5          
1 29049U 06011C   22031.48139841  .00000223  00000+0  10401-3 0  9993
2 29049  72.0198  64.6975 0032617 100.2765 260.2052 14.28933045824268
FORMOSAT-3 FM3          
1 29050U 06011D   22031.54203880  .00000599  00000+0  13499-3 0  9993
2 29050  72.0162 149.9308 0050940 324.7462  35.0324 14.59226055842815
FORMOSAT-3 FM4          
1 29051U 06011E   22031.81727523  .00000266  00000+0  11870-3 0  9991
2 29051  72.0065 324.9156 0068917 337.0115  22.7940 14.28967482826944
FORMOSAT-3 FM2          
1 29052U 06011F   22031.49303034  .00000255  00000+0  11599-3 0  9999
2 29052  72.0341  41.5525 0038191  55.4322 305.0409 14.29074996824345
EWS-G1 (GOES 13)        
1 29155U 06018A   22031.52530727  .00000026  00000+0  00000+0 0  9992
2 29155   0.4403  99.2296 0004472 154.2048 128.1092  1.00268083 27351
METOP-A                 
1 29499U 06044A   22031.55689703  .00000840  00000+0  11976-3 0  9996
2 29499  98.4703  71.7076 0200061  77.1204  78.9717 14.66908981790607
DMSP 5D-3 F17 (USA 191) 
1 29522U 06050A   22031.87096308  .00000088  00000+0  69036-4 0  9993
2 29522  98.7745  49.4332 0008841 291.5674  68.4556 14.14068077786601
FENGYUN 3A              
1 32958U 08026A   22031.85724412  .00000042  00000+0  40380-4 0  9998
2 32958  98.4835   0.2145 0009751  61.5985 298.6173 14.18685947708963
FENGYUN 2E              
1 33463U 08066A   22031.60197212 -.00000215  00000+0  00000+0 0  9992
2 33463   5.6035  66.0811 0004238 351.6085  16.2236  1.00277305 48071
NOAA 19                 
1 33591U 09005A   22031.78287210  .00000108  00000+0  83879-4 0  9995
2 33591  99.1653  62.9353 0013501 208.5988 151.4444 14.12526276669150
GOES 14                 
1 35491U 09033A   22031.56928567 -.00000102  00000+0  00000+0 0  9995
2 35491   0.0425 325.6225 0013708 261.3614   4.2356  1.00270536 46095
METEOR-M 1              
1 35865U 09049A   22031.78092006  .00000052  00000+0  42615-4 0  9997
2 35865  98.5102   6.7962 0001178 261.6567  98.4478 14.22302559642267
DMSP 5D-3 F18 (USA 210) 
1 35951U 09057A   22031.92661095  .00000182  00000+0  11969-3 0  9999
2 35951  98.7072  14.7914 0012014 113.4169 246.8269 14.13438634633834
GOES 15                 
1 36411U 10008A   22031.55001090  .00000045  00000+0  00000+0 0  9999
2 36411   0.0563 264.5854 0001141 113.0081 182.8240  1.00274420 43659
COMS 1                  
1 36744U 10032A   22031.46678382 -.00000355  00000+0  00000+0 0  9994
2 36744   0.7261  95.8942 0000711 223.7906 107.1721  1.00271455 35065
FENGYUN 3B              
1 37214U 10059A   22031.80789949  .00000035  00000+0  42350-4 0  9999
2 37214  99.0909  35.3595 0022597  23.2839 336.9348 14.14242809581642
SUOMI NPP               
1 37849U 11061A   22031.81074872  .00000039  00000+0  39258-4 0  9997
2 37849  98.7207 332.3492 0001269  68.3355 344.6956 14.19575921531808
FENGYUN 2F              
1 38049U 12002A   22032.03776271 -.00000370  00000+0  00000+0 0  9990
2 38049   3.4607  80.7191 0005662 354.0896 182.2340  1.00270253 36870
METEOSAT-10 (MSG-3)     
1 38552U 12035B   22031.29958642  .00000055  00000+0  00000+0 0  9995
2 38552   1.3480  31.7651 0000115  71.7874 144.4687  1.00281395 34836
METOP-B                 
1 38771U 12049A   22031.80159946  .00000068  00000+0  51171-4 0  9994
2 38771  98.6852  93.6304 0002059  87.0716  24.1723 14.21493188486318
FENGYUN 3C              
1 39260U 13052A   22031.88514970  .00000041  00000+0  41551-4 0  9995
2 39260  98.4721  66.8003 0010252 313.1218  46.9093 14.15896749432593
METEOR-M 2              
1 40069U 14037A   22031.90479580 -.00000026  00000+0  69511-5 0  9999
2 40069  98.4432  55.8659 0005954  11.2343 348.8968 14.20695924392479
HIMAWARI-8              
1 40267U 14060A   22031.75639480 -.00000286  00000+0  00000+0 0  9995
2 40267   0.0142  82.3118 0000706 241.2396 220.3579  1.00270080 26847
FENGYUN 2G              
1 40367U 14090A   22031.46111463 -.00000314  00000+0  00000+0 0  9995
2 40367   1.5926  90.7817 0003671 323.1067 342.5448  1.00269537 25972
METEOSAT-11 (MSG-4)     
1 40732U 15034A   22031.36936103 -.00000014  00000+0  00000+0 0  9992
2 40732   0.2230 333.6757 0001116  98.1207 191.4272  1.00275542 24003
ELEKTRO-L 2             
1 41105U 15074A   22031.43835067 -.00000127  00000+0  00000+0 0  9991
2 41105   2.6444  89.7660 0001317 152.8592  31.3397  1.00271127 22497
HIMAWARI-9              
1 41836U 16064A   22031.82818302 -.00000286  00000+0  00000+0 0  9994
2 41836   0.0528 263.0248 0000337 107.8351 199.0251  1.00271148 19283
GOES 16                 
1 41866U 16071A   22031.21097267 -.00000257  00000+0  00000+0 0  9995
2 41866   0.0819 263.8532 0000932 101.4970 125.7721  1.00271008 19093
FENGYUN 4A              
1 41882U 16077A   22031.60535420 -.00000341  00000+0  00000+0 0  9994
2 41882   0.0808  77.7057 0006079 351.2189  24.4420  1.00274008 18967
CYGFM05                 
1 41884U 16078A   22031.51970104  .00002454  00000+0  12799-3 0  9997
2 41884  34.9573 334.0946 0016090 302.6357  57.2801 15.15493757283990
CYGFM04                 
1 41885U 16078B   22031.48710533  .00002498  00000+0  12845-3 0  9992
2 41885  34.9503 324.2837 0014365 316.8735  43.0851 15.16004358284023
CYGFM02                 
1 41886U 16078C   22031.21665426  .00002503  00000+0  12865-3 0  9993
2 41886  34.9594 328.1116 0015180 309.3062  50.6303 15.16013538284063
CYGFM01                 
1 41887U 16078D   22031.83140932  .00002503  00000+0  13127-3 0  9994
2 41887  34.9539 334.2969 0016498 304.9678  54.9484 15.15272913284110
CYGFM08                 
1 41888U 16078E   22031.52705762  .00002543  00000+0  13178-3 0  9999
2 41888  34.9509 329.4595 0015634 312.5229  47.4162 15.15701073284076
CYGFM06                 
1 41889U 16078F   22031.85673954  .00002516  00000+0  12927-3 0  9994
2 41889  34.9588 322.8315 0014070 314.3975  45.5584 15.16038114284237
CYGFM07                 
1 41890U 16078G   22031.50717932  .00002506  00000+0  12891-3 0  9992
2 41890  34.9527 323.8414 0013847 315.6125  44.3476 15.15993023284184
CYGFM03                 
1 41891U 16078H   22031.50525534  .00002474  00000+0  12733-3 0  9997
2 41891  34.9559 324.2836 0013369 313.6491  46.3111 15.15988378284024
FENGYUN 3D              
1 43010U 17072A   22031.86012753  .00000032  00000+0  36367-4 0  9998
2 43010  98.8007 337.2525 0001070 321.0117  39.0988 14.19179719218391
NOAA 20                 
1 43013U 17073A   22031.83505414  .00000022  00000+0  31408-4 0  9990
2 43013  98.7447 332.2404 0001497  88.9241 271.2107 14.19526459217841
GOES 17                 
1 43226U 18022A   22031.54200611  .00000088  00000+0  00000+0 0  9991
2 43226   0.0708 265.2760 0000351 108.4212 174.9140  1.00272163 14406
FENGYUN 2H              
1 43491U 18050A   22031.81588524 -.00000138  00000+0  00000+0 0  9995
2 43491   0.8050 100.4904 0003103  24.1207  19.1109  1.00274924 13494
METOP-C                 
1 43689U 18087A   22031.74658670  .00000063  00000+0  48619-4 0  9995
2 43689  98.7048  93.7995 0003891  82.0711 278.0908 14.21491826167882
GEO-KOMPSAT-2A          
1 43823U 18100A   22031.46678382 -.00000354  00000+0  00000+0 0  9993
2 43823   0.0126 107.1812 0001015 304.7533  14.9904  1.00270759 11597
METEOR-M2 2             
1 44387U 19038A   22031.88091421  .00000006  00000+0  21733-4 0  9993
2 44387  98.7037 353.8965 0001083   7.7747 352.3456 14.23698203133974
FENGYUN 3E              
1 49008U 21062A   22031.93512276 -.00000023  00000+0  95657-5 0  9997
2 49008  98.7086  36.0552 0002745  54.7309 305.4126 14.19818642 29947
